Date 2022-07-06;ID 2293b23a-29b7-4bc2-b872-d98c30f44877

Total
Plate;Vehicle ID;Start;End;Services;Driving;Wait;Break;Km;C.Parcel;C.Kg;C.M3;Drop off;Kg Drop off;M3 Drop off;Pick up;Kg Pick up;M3 Pick up
ll1-Van5;608;09:00;17:30;5:55;2:03;0:00;0:30;73;161;1,500;6.8;70;0;0;1;0;0

Detail by vehicle
Service;Service ID;Departure;Driving;Km;Arrival;Waiting;Start;Service;End;Window start;Window end;Deliver;Kg Deliver;M3 Deliver;Collect;Kg Collect;M3 Collect;Balance; Kg Balance;M3 Balance
;152f834a-ad3b-4ee9-8d34-5286ef7b2788;09:00:00;00:23:22;22.7;09:23:22;00:00:00;09:23:22;00:05:00;09:28:22;09:00:00;17:30:00;1;0;0;0;0;0;69;0;0
;c7075f55-e77f-4e19-9703-422c23960a63;09:28:22;00:00:59;0.2;09:29:21;00:00:00;09:29:21;00:05:00;09:34:21;09:00:00;17:30:00;1;0;0;0;0;0;68;0;0
;caf271de-d123-4fd3-8133-6366e2999afc;09:34:21;00:00:23;0.1;09:34:44;00:00:00;09:34:44;00:05:00;09:39:44;09:00:00;17:30:00;1;0;0;0;0;0;67;0;0
;5dd47a94-49ba-4b87-a824-1c9893d9d9e5;09:39:44;00:02:18;1.4;09:42:02;00:00:00;09:42:02;00:05:00;09:47:02;09:00:00;17:30:00;1;0;0;0;0;0;66;0;0
;87e996d1-1bfa-4fd4-b125-361b287a4485;09:47:02;00:01:44;0.8;09:48:46;00:00:00;09:48:46;00:05:00;09:53:46;09:00:00;17:30:00;1;0;0;0;0;0;65;0;0
;4d8e9b8f-37e6-4e37-93f0-b4776c83ae7e;09:53:46;00:01:23;0.6;09:55:09;00:00:00;09:55:09;00:05:00;10:00:09;09:00:00;17:30:00;1;0;0;0;0;0;64;0;0
;f663e37f-ae40-48dd-a67d-bbff98035065;10:00:09;00:01:02;0.3;10:01:11;00:00:00;10:01:11;00:05:00;10:06:11;09:00:00;17:30:00;1;0;0;0;0;0;63;0;0
;90623102-2e97-40c4-a01c-3e8c198f8f3f;10:06:11;00:00:54;0.4;10:07:05;00:00:00;10:07:05;00:05:00;10:12:05;09:00:00;17:30:00;1;0;0;0;0;0;62;0;0
;15df7138-ed07-4a94-9007-24fc5c48768d;10:12:05;00:01:13;0.5;10:13:18;00:00:00;10:13:18;00:05:00;10:18:18;09:00:00;17:30:00;1;0;0;0;0;0;61;0;0
;cea7cf4e-bede-4b66-8936-32a46eb3e5c0;10:18:18;00:00:24;0.2;10:18:42;00:00:00;10:18:42;00:05:00;10:23:42;09:00:00;17:30:00;1;0;0;0;0;0;60;0;0
;36ee5e9f-2df8-4d56-b94c-91a7806a5b71;10:23:42;00:01:58;0.8;10:25:40;00:00:00;10:25:40;00:05:00;10:30:40;09:00:00;17:30:00;1;0;0;0;0;0;59;0;0
;c249924c-5cc4-456b-8408-7d6a8026da11;10:30:40;00:01:24;0.5;10:32:04;00:00:00;10:32:04;00:05:00;10:37:04;09:00:00;17:30:00;1;0;0;0;0;0;58;0;0
;051f7e32-83ea-46e3-8fc0-4ce385d7a360;10:37:04;00:01:53;0.5;10:38:57;00:00:00;10:38:57;00:05:00;10:43:57;09:00:00;17:30:00;1;0;0;0;0;0;57;0;0
;8838c75d-b577-4560-a30b-6cda2d629ddc;10:43:57;00:00:00;0.0;10:43:57;00:00:00;10:43:57;00:05:00;10:48:57;09:00:00;17:30:00;1;0;0;0;0;0;56;0;0
;377e212a-eea4-46bf-accc-ebb70c2a8fa8;10:48:57;00:01:56;0.7;10:50:53;00:00:00;10:50:53;00:05:00;10:55:53;09:00:00;17:30:00;1;0;0;0;0;0;55;0;0
;6828f488-dd4e-48c4-8639-2b5d90a4348e;10:55:53;00:01:44;0.5;10:57:37;00:00:00;10:57:37;00:05:00;11:02:37;09:00:00;17:30:00;1;0;0;0;0;0;54;0;0
;79ad78a9-cda4-4ce5-9558-7bc98074a233;11:02:37;00:00:48;0.3;11:03:25;00:00:00;11:03:25;00:05:00;11:08:25;09:00:00;17:30:00;1;0;0;0;0;0;53;0;0
;b2c12fdc-b497-4020-b5e1-ca3479de081d;11:08:25;00:01:50;0.8;11:10:15;00:00:00;11:10:15;00:05:00;11:15:15;09:00:00;17:30:00;1;0;0;0;0;0;52;0;0
;cce3004f-8437-4571-81ad-de9ef67c5312;11:15:15;00:00:00;0.0;11:15:15;00:00:00;11:15:15;00:05:00;11:20:15;09:00:00;17:30:00;1;0;0;0;0;0;51;0;0
;99deed1a-3279-4123-8c31-cc09de251c37;11:20:15;00:00:00;0.0;11:20:15;00:00:00;11:20:15;00:05:00;11:25:15;09:00:00;17:30:00;1;0;0;0;0;0;50;0;0
;05d2524e-7cda-4e7d-9f4c-1219073d5612;11:25:15;00:01:14;0.4;11:26:29;00:00:00;11:26:29;00:05:00;11:31:29;09:00:00;17:30:00;1;0;0;0;0;0;49;0;0
;0f37648b-7bb6-40ea-ac17-cb75e5ffa61b;11:31:29;00:01:41;0.5;11:33:10;00:00:00;11:33:10;00:05:00;11:38:10;09:00:00;17:30:00;0;0;0;1;0;0;50;0;0
;a4c25db9-165f-47b2-a888-88f87e1753ef;11:38:10;00:01:17;0.4;11:39:27;00:00:00;11:39:27;00:05:00;11:44:27;09:00:00;17:30:00;1;0;0;0;0;0;49;0;0
;c9943d0a-193e-4bd2-aa2c-7945e59710de;11:44:27;00:01:46;0.6;11:46:13;00:00:00;11:46:13;00:05:00;11:51:13;09:00:00;17:30:00;1;0;0;0;0;0;48;0;0
;f1849076-2a6c-4a4a-9187-b29198694bcc;11:51:13;00:02:00;0.6;11:53:13;00:00:00;11:53:13;00:05:00;11:58:13;09:00:00;17:30:00;1;0;0;0;0;0;47;0;0
;3912e8fc-81a3-4dcd-8835-ed21fdcb8c69;11:58:13;00:04:12;1.5;12:02:25;00:00:00;12:02:25;00:05:00;12:07:25;09:00:00;17:30:00;1;0;0;0;0;0;46;0;0
;0456f900-d8ba-4a18-8307-c619da41fec1;12:07:25;00:02:48;1.4;12:10:13;00:00:00;12:10:13;00:05:00;12:15:13;09:00:00;17:30:00;1;0;0;0;0;0;45;0;0
;defe0169-5923-4f46-8911-6cb57a190fb1;12:15:13;00:01:01;0.3;12:16:14;00:00:00;12:16:14;00:05:00;12:21:14;09:00:00;17:30:00;1;0;0;0;0;0;44;0;0
;3287b032-9612-4b1c-9195-6fadb7dbe861;12:21:14;00:00:00;0.0;12:21:14;00:00:00;12:21:14;00:05:00;12:26:14;09:00:00;17:30:00;1;0;0;0;0;0;43;0;0
;4cf758d6-d3a0-4ca3-af91-f89ca481628c;12:26:14;00:00:00;0.0;12:26:14;00:00:00;12:26:14;00:05:00;12:31:14;09:00:00;17:30:00;1;0;0;0;0;0;42;0;0
;bc5037f2-9d35-4fa2-a233-9bad06c01b05;12:31:14;00:00:00;0.0;12:31:14;00:00:00;12:31:14;00:05:00;12:36:14;09:00:00;17:30:00;1;0;0;0;0;0;41;0;0
;babbddfa-bcf6-4538-8c5d-dcc7ac9e1675;12:36:14;00:01:14;0.3;12:37:28;00:00:00;12:37:28;00:05:00;12:42:28;09:00:00;17:30:00;1;0;0;0;0;0;40;0;0
;4c4408d7-8ab8-49cf-b3ea-ed7c0de4d8c5;12:42:28;00:00:00;0.0;12:42:28;00:00:00;12:42:28;00:05:00;12:47:28;09:00:00;17:30:00;1;0;0;0;0;0;39;0;0
;4415a869-69c7-4ac3-83f3-53eceb502150;12:47:28;00:03:38;1.2;12:51:06;00:00:00;12:51:06;00:05:00;12:56:06;09:00:00;17:30:00;1;0;0;0;0;0;38;0;0
;9779ad6e-d532-40a1-940f-8d02c83d5299;12:56:06;00:00:00;0.0;12:56:06;00:00:00;12:56:06;00:05:00;13:01:06;09:00:00;17:30:00;1;0;0;0;0;0;37;0;0
;d9dd02e2-7618-4e4f-b4a5-ccd01aae8ab3;13:01:06;00:00:00;0.0;13:01:06;00:00:00;13:01:06;00:05:00;13:06:06;09:00:00;17:30:00;1;0;0;0;0;0;36;0;0
;8d76f516-66a4-4d9d-be06-dd8c34826ebc;13:06:06;00:00:00;0.0;13:06:06;00:00:00;13:06:06;00:05:00;13:11:06;09:00:00;17:30:00;1;0;0;0;0;0;35;0;0
;aae993d4-e0bb-489a-999a-289c2fbca355;13:11:06;00:01:43;0.7;13:12:49;00:00:00;13:12:49;00:05:00;13:17:49;09:00:00;17:30:00;1;0;0;0;0;0;34;0;0
;a06935f4-ed50-44ff-becd-726b8a1d5071;13:17:49;00:01:40;0.6;13:19:29;00:00:00;13:19:29;00:05:00;13:24:29;09:00:00;17:30:00;1;0;0;0;0;0;33;0;0
;0f4e3a05-0f9f-4d73-b441-2e7c6e9fadfd;13:24:29;00:00:40;0.3;13:25:09;00:00:00;13:25:09;00:05:00;13:30:09;09:00:00;17:30:00;1;0;0;0;0;0;32;0;0
;1a1592a1-b8ea-4c0e-a749-29373795cb61;13:30:09;00:01:17;0.6;13:31:26;00:00:00;13:31:26;00:05:00;13:36:26;09:00:00;17:30:00;1;0;0;0;0;0;31;0;0
;c9e87947-cf1b-43e3-97c0-454968671cf6;13:36:26;00:00:00;0.0;13:36:26;00:00:00;13:36:26;00:05:00;13:41:26;09:00:00;17:30:00;1;0;0;0;0;0;30;0;0
;14f3bdb5-3f2e-44ef-879a-38dc05209fd6;13:41:26;00:00:00;0.0;13:41:26;00:00:00;13:41:26;00:05:00;13:46:26;09:00:00;17:30:00;1;0;0;0;0;0;29;0;0
;1e65aeec-bab3-42b0-8a80-6ac6774596e2;13:46:26;00:00:14;0.1;13:46:40;00:00:00;13:46:40;00:05:00;13:51:40;09:00:00;17:30:00;1;0;0;0;0;0;28;0;0
;44a59689-5259-415b-a6bf-749d4ce7356b;13:51:40;00:01:09;0.3;13:52:49;00:00:00;13:52:49;00:05:00;13:57:49;09:00:00;17:30:00;1;0;0;0;0;0;27;0;0
;ed0513a3-93ee-406e-9be0-d95416ea687f;13:57:49;00:01:36;1.0;13:59:25;00:00:00;13:59:25;00:05:00;14:04:25;09:00:00;17:30:00;1;0;0;0;0;0;26;0;0
;493188ef-5bfb-4939-97c2-21c24977ce1b;14:04:25;00:00:53;0.2;14:05:18;00:00:00;14:05:18;00:05:00;14:10:18;09:00:00;17:30:00;1;0;0;0;0;0;25;0;0
;d71a2ba5-6339-4b61-bfa4-01d7c13527d4;14:10:18;00:01:57;0.6;14:12:15;00:00:00;14:12:15;00:05:00;14:17:15;09:00:00;17:30:00;1;0;0;0;0;0;24;0;0
;8f29ad0e-c80b-409b-9d83-2cb6a01b70a1;14:17:15;00:00:08;0.1;14:17:23;00:00:00;14:17:23;00:05:00;14:22:23;09:00:00;17:30:00;1;0;0;0;0;0;23;0;0
;c5b4bb5c-e86a-4e9e-9759-6b2c04fbf764;14:22:23;00:00:00;0.0;14:22:23;00:00:00;14:22:23;00:05:00;14:27:23;09:00:00;17:30:00;1;0;0;0;0;0;22;0;0
;a598e94b-f038-4b47-8039-f8178126e606;14:27:23;00:01:34;0.7;14:28:57;00:30:00;14:58:57;00:05:00;15:03:57;09:00:00;17:30:00;1;0;0;0;0;0;21;0;0
;3f050d1a-0ff4-44fd-9b0f-d3f9d88cb86a;15:03:57;00:01:16;0.5;15:05:13;00:00:00;15:05:13;00:05:00;15:10:13;09:00:00;17:30:00;1;0;0;0;0;0;20;0;0
;b9651356-ccc7-4aa9-bf9b-e8ad088ef046;15:10:13;00:02:25;1.1;15:12:38;00:00:00;15:12:38;00:05:00;15:17:38;09:00:00;17:30:00;1;0;0;0;0;0;19;0;0
;8748f006-dcb6-403f-b87d-8851bd0b7e94;15:17:38;00:01:00;0.6;15:18:38;00:00:00;15:18:38;00:05:00;15:23:38;09:00:00;17:30:00;1;0;0;0;0;0;18;0;0
;c3737f92-bce8-46da-a638-39d68e42f1f7;15:23:38;00:00:00;0.0;15:23:38;00:00:00;15:23:38;00:05:00;15:28:38;09:00:00;17:30:00;1;0;0;0;0;0;17;0;0
;e4d218dd-0a75-42f2-8e51-2b6a5a00a1c3;15:28:38;00:00:00;0.0;15:28:38;00:00:00;15:28:38;00:05:00;15:33:38;09:00:00;17:30:00;1;0;0;0;0;0;16;0;0
;938923aa-2ef5-4ddc-be40-0d7ead6c22cc;15:33:38;00:00:01;0.0;15:33:39;00:00:00;15:33:39;00:05:00;15:38:39;09:00:00;17:30:00;1;0;0;0;0;0;15;0;0
;5041d768-5ec0-4b67-8fab-16976cbebf80;15:38:39;00:00:04;0.0;15:38:43;00:00:00;15:38:43;00:05:00;15:43:43;09:00:00;17:30:00;1;0;0;0;0;0;14;0;0
;bfd3b5ee-0bda-4e8e-8865-fbe5ce22fdf4;15:43:43;00:00:31;0.3;15:44:14;00:00:00;15:44:14;00:05:00;15:49:14;09:00:00;17:30:00;1;0;0;0;0;0;13;0;0
;05a382a8-5d75-43ae-8a2c-bc14e8e41cda;15:49:14;00:01:19;0.4;15:50:33;00:00:00;15:50:33;00:05:00;15:55:33;09:00:00;17:30:00;1;0;0;0;0;0;12;0;0
;2ba5c3ad-01e4-4381-8764-046e05029376;15:55:33;00:00:45;0.1;15:56:18;00:00:00;15:56:18;00:05:00;16:01:18;09:00:00;17:30:00;1;0;0;0;0;0;11;0;0
;6d0276be-9353-42f4-a4f7-204341045634;16:01:18;00:02:29;0.8;16:03:47;00:00:00;16:03:47;00:05:00;16:08:47;09:00:00;17:30:00;1;0;0;0;0;0;10;0;0
;0ed67a6e-50b4-412d-8a4c-fbd05b943666;16:08:47;00:02:36;1.2;16:11:23;00:00:00;16:11:23;00:05:00;16:16:23;09:00:00;17:30:00;1;0;0;0;0;0;9;0;0
;b1385a1e-af09-4c18-a7b4-583e91b527d5;16:16:23;00:02:44;0.7;16:19:07;00:00:00;16:19:07;00:05:00;16:24:07;09:00:00;17:30:00;1;0;0;0;0;0;8;0;0
;bd9b4139-01c9-43e2-93ed-dbc27bd60595;16:24:07;00:02:09;0.5;16:26:16;00:00:00;16:26:16;00:05:00;16:31:16;09:00:00;17:30:00;1;0;0;0;0;0;7;0;0
;5158261f-9fe7-4603-bfe2-8fce3524504b;16:31:16;00:02:22;1.3;16:33:38;00:00:00;16:33:38;00:05:00;16:38:38;09:00:00;17:30:00;1;0;0;0;0;0;6;0;0
;aa808000-62f0-4065-9b0e-036a44701ea8;16:38:38;00:00:00;0.0;16:38:38;00:00:00;16:38:38;00:05:00;16:43:38;09:00:00;17:30:00;1;0;0;0;0;0;5;0;0
;f3ce685e-6afc-4442-9259-d02c3b7af4c1;16:43:38;00:00:09;0.0;16:43:47;00:00:00;16:43:47;00:05:00;16:48:47;09:00:00;17:30:00;1;0;0;0;0;0;4;0;0
;c2e38850-2d3f-4c70-9528-1548e2135887;16:48:47;00:02:37;0.9;16:51:24;00:00:00;16:51:24;00:05:00;16:56:24;09:00:00;17:30:00;1;0;0;0;0;0;3;0;0
;543894fc-eace-42af-bedd-a56f66cfd28f;16:56:24;00:00:57;0.5;16:57:21;00:00:00;16:57:21;00:05:00;17:02:21;09:00:00;17:30:00;1;0;0;0;0;0;2;0;0
;61ed2ff1-2967-4a67-a4a7-0cdb69454942;17:02:21;00:01:04;0.5;17:03:25;00:00:00;17:03:25;00:05:00;17:08:25;09:00:00;17:30:00;1;0;0;0;0;0;1;0;0
RETURN;;17:08:25;0:20:11;19.9;17:28:36
